298 36.97025432786165
308 37.26680191596856
318 37.57110717721919
328 37.88133587631473
338 38.195933544855485
348 38.513577953259144
358 38.833140742730734
368 39.15365625385144
378 39.47429604943708
388 39.79434797315538
398 40.11319884396642
408 40.430320082453875
418 40.745255714810064
428 41.057612315379025
438 41.36705053782715
448 41.67327795450145
458 41.97604297802567
468 42.27512968215881
478 42.57035337302248
488 42.86155678897406
498 43.14860682917475
508 43.4313917284302
518 43.70981861006083
528 43.98381136007786
538 44.25330877534045
548 44.51826294606862
558 44.77863783941965
568 45.03440805606296
578 45.285557736020216
588 45.53207959363825
598 45.773974064566445
608 46.01124855012462
618 46.24391674655789
628 46.47199804845255
638 46.69551701708774
648 46.914502905769154
658 47.128989235270346
668 47.33901341342619
678 47.544616393708054
688 47.745842368281366
698 47.9427384916219
708 48.13535463126292
718 48.323743142671375
728 48.50795866562024
738 48.688057939742585
748 48.86409963723005
758 49.036144210878106
768 49.204253755890306
778 49.36849188403563
788 49.52892360891316
798 49.68561524121748
808 49.8386342930208
818 49.98804939019554
828 50.13393019219564
838 50.27634731849835
848 50.41537228108174
858 50.55107742237871
868 50.68353585820564
878 50.812821425214885
888 50.93900863246599
898 51.06217261675082
908 51.18238910134358
918 51.29973435787896
928 51.41428517109033
938 51.52611880616501
948 51.63531297849748
958 51.74194582564088
968 51.8460958812762
978 51.94784205103514
988 52.04726359002713
998 52.144440081934576
